31	263.75, 569.78
85	69.63, 73.52
65	0.88, 0.65
53	47.13, 113.74
78	108.13, 190.09
34	0.13, 0.00
81	0.00, 0.35
28	0.00, 0.04
76	0.13, 0.13
27	15.13, 16.04
26	0.13, 2.91
44	0.00, 0.04
12	0.00, 0.04
91	4.63, 7.04
47	97.75, 455.74
1	3.25, 5.78
52	2.50, 4.13
13	69.13, 74.39
16	230.88, 744.43
6	0.88, 0.70
86	0.00, 0.26
3	1.13, 3.61
20	1308.75, 2236.52
40	1303.13, 1500.57
94	0.50, 4.74
54	0.00, 0.04
96	0.25, 0.26
48	54.88, 259.13
5	0.00, 475.70
19	607.38, 970.04
92	0.38, 0.04
64	35.63, 36.00
41	6.88, 15.04
43	0.00, 1.91
15	0.00, 0.13
37	1021.13, 2672.35
61	19.00, 38.43
88	0.13, 0.57
17	218.25, 268.74
9	2.00, 31.17
72	41.75, 83.43
35	0.63, 13.43
59	1.00, 0.96
4	6.25, 1.57
55	0.63, 1.35
8	4.38, 9.30
23	28.75, 37.70
39	14.13, 29.70
49	0.88, 4.91
7	1359.75, 1161.13
84	58.63, 263.91
51	96.00, 237.83
69	94.88, 940.43
97	0.88, 0.13
63	0.88, 1.30
10	43.63, 155.70
77	31.38, 59.52
50	228.75, 326.13
45	13.00, 108.78
38	2257.88, 4103.17
82	32.63, 136.61
80	15.63, 19.52
73	7.75, 19.43
25	1.50, 0.57
24	70.25, 218.17
70	522.00, 786.35
62	16.63, 16.43
95	0.50, 0.52
29	0.00, 0.13
21	1202.00, 5149.96
98	127.63, 125.96
60	13.50, 17.39
32	0.38, 1.04
90	0.38, 0.13
75	15.75, 26.09
56	3.13, 6.09
58	0.13, 0.13
11	10.25, 11.09
83	22.88, 23.91
71	961.75, 1368.74
68	21.13, 51.26
14	1516.00, 3070.83
42	23.88, 362.91
79	9.38, 7.26
2	0.13, 0.17
99	12.25, 10.22
30	1.75, 1.43
66	52.63, 85.61
46	672.63, 2217.70
67	105.00, 114.70
18	8.25, 57.22
74	232.38, 352.04
36	0.00, 6122.43
89	0.88, 13.65
